﻿Total Customers,Running % Total Sales,% of Total,Customer ID,First Name,Surname,Sales
690,1.26,1.258279184,701,Burnaby,Fruish,25043.05
690,2.22,0.957271950,742,Boniface,Deboo,19052.218
690,2.94,0.727219452,7,Vernon,Tomaskov,14473.571
690,3.65,0.712229364,435,Stormi,Langman,14175.229
690,4.37,0.710576566,670,Hayes,Treharne,14142.334
690,5.01,0.646814302,328,Patty,Tomaselli,12873.298
690,5.63,0.613458891,684,Merci,Wills,12209.438
690,6.24,0.609420930,132,Nonie,Windrass,12129.072
690,6.83,0.597496820,765,Tanitansy,Di Claudio,11891.751
690,7.43,0.593897746,312,Lyssa,Dodle,11820.12
690,8,0.576353823,721,Hayden,Boylin,11470.95
690,8.56,0.560980167,147,Win,Casbourne,11164.974
690,9.11,0.546689183,153,Madelene,Serle,10880.546
690,9.65,0.535795239,498,Caresse,Cuolahan,10663.728
690,10.17,0.527651838,105,Mikel,Trusler,10501.653
690,10.69,0.518066516,258,King,Sidon,10310.88
690,11.18,0.492393663,388,Flint,Wilcocke,9799.923
690,11.65,0.469848337,311,Joyan,Baitey,9351.212
690,12.12,0.467287971,334,Jens,Duncanson,9300.254
690,12.58,0.458934095,738,Lane,Shakespeare,9133.99
690,13.04,0.455360394,589,Aldridge,Conibeer,9062.864
690,13.49,0.449891566,161,Mandi,Bulch,8954.02
690,13.93,0.443561268,353,Hermann,Chanter,8828.0305
690,14.37,0.437020043,356,Amberly,Markwell,8697.843
690,14.8,0.435782970,448,Catriona,Petford,8673.222
690,15.24,0.434462138,598,Lauraine,Laden,8646.934
690,15.65,0.418177447,561,Mariya,Thorneley,8322.826
690,16.07,0.414103259,557,Julianna,Altimas,8241.739
690,16.48,0.413853332,329,Morgen,Wapplington,8236.7648
690,16.89,0.411064312,425,Robin,Goley,8181.256
690,17.3,0.404865881,667,Rabi,Face,8057.891
690,17.7,0.399696059,372,Katy,Rushbrook,7954.998
690,18.1,0.397092608,574,Haley,Dimmne,7903.1825
690,18.49,0.396344540,35,Odie,Fortman,7888.294
690,18.88,0.389678382,6,Shanan,Normanville,7755.62
690,19.27,0.389646024,355,Deva,Dimic,7754.976
690,19.66,0.385031054,452,Cyndi,Mylchreest,7663.126
690,20.04,0.383119245,395,Tate,Harvie,7625.076
690,20.42,0.382405168,350,Anders,Gerhts,7610.864
690,20.8,0.375519853,603,Merola,Emson,7473.8282
690,21.17,0.374005570,537,Delora,Dangl,7443.69
690,21.54,0.371679795,661,Clara,Springthorpe,7397.401
690,21.91,0.366493744,93,Aubert,Tiley,7294.185
690,22.26,0.351069190,286,Kristal,Bearne,6987.196
690,22.61,0.350666429,644,Cathie,Wynn,6979.18
690,22.96,0.343855968,611,Sylvan,Janse,6843.634
690,23.3,0.339941609,66,Gavra,Machen,6765.728
690,23.63,0.339694757,357,Maridel,Tolerton,6760.815
690,23.97,0.332039131,49,Cash,Ziems,6608.448
690,24.29,0.327998758,234,Maire,Coo,6528.034
690,24.62,0.326453032,303,Ferdy,Speek,6497.27
690,24.95,0.326139304,340,Giulietta,Issacson,6491.026
690,25.27,0.324547453,569,Forrest,Rummery,6459.344
690,25.6,0.323688772,777,Samaria,Ettles,6442.254
690,25.92,0.322118225,666,Gertruda,Faherty,6410.996
690,26.24,0.319877113,366,Armand,Beevis,6366.392
690,26.56,0.318807455,224,Lucina,Milne,6345.103
690,26.87,0.317583646,517,Tamas,Purshouse,6320.746
690,27.19,0.314297897,89,Kelsy,Stansell,6255.351
690,27.5,0.313270846,648,Abbie,Petrulis,6234.91
690,27.81,0.309512145,788,Malissa,Keech,6160.102
690,28.12,0.308202568,787,Holmes,Yakebovitch,6134.038
690,28.43,0.307553207,683,Fabian,Maddin,6121.114
690,28.73,0.306911281,616,Nil,Poncet,6108.338
690,29.04,0.306838024,16,Salem,Gerriets,6106.88
690,29.35,0.305293454,126,Victoir,Quiddinton,6076.139
690,29.65,0.303978400,308,Ema,MacGoun,6049.966
690,29.95,0.301092850,674,Daffi,Stachini,5992.536
690,30.25,0.300417562,650,Niki,Talmadge,5979.096
690,30.55,0.299099294,431,Tommie,Guiot,5952.859
690,30.85,0.296843962,83,Nobe,Twentyman,5907.972
690,31.14,0.295854293,166,Zeb,Jacobsohn,5888.275
690,31.43,0.287325064,68,Alli,Barney,5718.521
690,31.72,0.285894800,181,Thurstan,Wellfare,5690.055
690,32,0.284586781,42,Jeni,Gawkes,5664.022
690,32.28,0.283043969,628,Sheri,Nester,5633.316
690,32.57,0.282384256,437,Kaitlin,Weatherhill,5620.186
690,32.85,0.279539103,1,Thurston,Thresher,5563.56
690,33.13,0.279530662,703,Eugene,Benkhe,5563.392
690,33.4,0.277833800,571,Daniella,Stiggles,5529.62
690,33.68,0.276500960,516,Collette,Ebenezer,5503.093
690,33.96,0.275377038,233,Maegan,French,5480.724
690,34.23,0.274051885,790,Conni,Coatham,5454.35
690,34.5,0.273346903,708,Jamal,Castagnaro,5440.319
690,34.77,0.272351807,482,Merla,Renol,5420.514
690,35.05,0.271434340,165,Emalia,McCutheon,5402.254
690,35.32,0.269868516,763,Fannie,Station,5371.09
690,35.59,0.269552879,773,Helli,Rymer,5364.808
690,35.85,0.268401875,547,Collie,Riolfo,5341.9
690,36.12,0.267753960,758,Nonie,Garfitt,5329.0048
690,36.39,0.265232744,774,Shalom,Harraway,5278.826
690,36.65,0.264871083,241,Brod,Kuschke,5271.628
690,36.92,0.263979140,548,Guinna,Boame,5253.876
690,37.18,0.263723445,333,Harriot,Melendez,5248.787
690,37.44,0.262589072,679,Welby,Splevings,5226.21
690,37.7,0.258402788,470,Elizabeth,Badham,5142.892
690,37.96,0.255640740,535,Lucais,Edgecombe,5087.92
690,38.21,0.253269996,337,Thorin,Kale,5040.736
690,38.46,0.252051664,434,Fawnia,Baden,5016.488
690,38.71,0.250503526,450,Lorelei,Allcroft,4985.676
690,38.96,0.247850408,206,Willow,Peeters,4932.872
690,39.21,0.247729921,339,Evania,Burnup,4930.474
690,39.45,0.246982683,770,Ruthann,Thaine,4915.602
690,39.7,0.246674683,439,Kelsey,Fardo,4909.472
690,39.95,0.245849214,605,Imojean,Kerford,4893.043
690,40.19,0.245082531,327,Tammie,Dudden,4877.784
690,40.44,0.244550741,381,Emmalynne,Sleeny,4867.2
690,40.68,0.241442809,32,Tobey,Draysey,4805.344
690,40.92,0.241294587,216,Goldy,Digman,4802.394
690,41.16,0.240849871,619,Deena,Frossell,4793.543
690,41.4,0.239533386,664,Rey,Bee,4767.3415
690,41.64,0.239186321,380,Selena,Mattielli,4760.434
690,41.88,0.238680056,119,Leah,Hawken,4750.358
690,42.12,0.238033307,739,Alfy,Osan,4737.486
690,42.35,0.236968221,296,Dannie,Comfort,4716.288
690,42.59,0.236926920,624,Quinn,Schonfelder,4715.466
690,42.82,0.234035743,279,Lazar,Challicum,4657.924
690,43.06,0.233933897,194,Katrinka,Slocumb,4655.897
690,43.29,0.233240089,445,Ileane,Schollick,4642.0884
690,43.52,0.232359983,669,Josselyn,Mattersey,4624.572
690,43.75,0.230544343,273,Astra,Stovell,4588.436
690,43.98,0.227690949,191,Matthias,Vidineev,4531.646
690,44.21,0.227273416,51,Carmita,Heinzel,4523.336
690,44.44,0.226643399,27,Kristian,Blofeld,4510.797
690,44.66,0.226170798,38,Daphne,Boydon,4501.391
690,44.89,0.225731961,680,Demott,Coffelt,4492.657
690,45.11,0.222691205,488,Andrei,Celand,4432.138
690,45.33,0.222440183,376,Finlay,Hillum,4427.142
690,45.55,0.221641343,69,Barnard,Dormer,4411.243
690,45.77,0.219859819,36,Lizabeth,Marcq,4375.786
690,45.99,0.219667482,671,Killian,Vinau,4371.958
690,46.21,0.218972599,249,Glen,Ramage,4358.128
690,46.43,0.218822970,315,Holly,Furnival,4355.15
690,46.65,0.218357504,713,Franky,Brims,4345.886
690,46.87,0.217365323,559,Abdul,Goss,4326.139
690,47.08,0.216009823,483,Neil,Dobrovolski,4299.161
690,47.3,0.215156418,212,Vin,Crookshanks,4282.176
690,47.51,0.214691856,631,Beverie,Lechelle,4272.93
690,47.73,0.214384459,744,Sydney,Ferris,4266.812
690,47.94,0.214081584,55,Damon,Treuge,4260.784
690,48.16,0.213854880,284,Al,Bannard,4256.272
690,48.37,0.213361654,128,Sholom,Keech,4246.4555
690,48.58,0.212740655,753,Katya,Worsnup,4234.096
690,48.79,0.211262457,76,Care,Busfield,4204.676
690,49,0.210943705,364,Casey,Kester,4198.332
690,49.21,0.209006171,659,Horatio,Boost,4159.77
690,49.42,0.208650741,550,Elita,Paolillo,4152.696
690,49.63,0.206789981,601,Galen,Simonyi,4115.662
690,49.83,0.206269597,722,Alika,Cavil,4105.305
690,50.04,0.204720404,225,Onida,Woollhead,4074.472
690,50.24,0.203327321,291,Martica,Liddall,4046.746
690,50.44,0.200510756,711,Stormy,Brundrett,3990.689
690,50.64,0.200197401,164,Giles,Quigley,3984.4524
690,50.84,0.199926713,673,Selie,Kennet,3979.065
690,51.04,0.198449068,695,Wade,Quarry,3949.656
690,51.24,0.197487034,460,Britt,Boyn,3930.509
690,51.44,0.197080353,615,Gwyneth,Belison,3922.415
690,51.63,0.196907060,432,Norry,Seymark,3918.966
690,51.83,0.196628302,131,Saul,Tofanelli,3913.418
690,52.03,0.196396413,197,Gaile,Lassells,3908.8028
690,52.22,0.196376275,572,Padgett,Billion,3908.402
690,52.42,0.196369241,421,Boonie,Jansa,3908.262
690,52.61,0.195419818,282,Dyana,Bodker,3889.366
690,52.81,0.195342843,106,Cyrille,Joskovitch,3887.834
690,53,0.194347296,408,Sly,Patterfield,3868.02
690,53.2,0.192553261,618,Darline,Pechell,3832.314
690,53.39,0.192530650,60,Gilberto,Blench,3831.864
690,53.58,0.191865411,581,Tamma,Camelia,3818.624
690,53.77,0.191707342,652,Merill,Trafford,3815.478
690,53.96,0.191216753,493,Aluin,Lukovic,3805.714
690,54.15,0.190632207,526,Bonny,Bortolutti,3794.08
690,54.34,0.190413281,121,Gretta,Palffy,3789.7228
690,54.54,0.190189853,503,Brendan,Ausiello,3785.276
690,54.72,0.189240531,496,Olag,Dittson,3766.382
690,54.91,0.188921276,379,Cordula,Squier,3760.028
690,55.1,0.188300252,382,Cleon,Lescop,3747.668
690,55.29,0.187723946,288,Dawna,Ree,3736.198
690,55.48,0.187402129,672,Jude,Edensor,3729.793
690,55.66,0.184692335,102,Julieta,Clyde,3675.861
690,55.84,0.183563740,469,Kirbee,Tetsall,3653.399
690,56.03,0.183486338,178,Christine,Whittles,3651.8585
690,56.21,0.183140630,247,Kevina,Teresse,3644.978
690,56.39,0.182669134,401,Florina,Illes,3635.594
690,56.58,0.182153373,730,Gawain,Chesshyre,3625.329
690,56.76,0.181954755,643,Othella,Beloe,3621.376
690,56.94,0.180342907,733,Noland,Sharland,3589.296
690,57.12,0.180017523,304,Etta,Glenton,3582.82
690,57.3,0.177831981,222,Kasper,Smieton,3539.322
690,57.47,0.176381720,278,April,de Zamora,3510.458
690,57.65,0.175637496,663,Camille,Ordidge,3495.646
690,57.82,0.175305560,25,Marlena,Longley,3489.0396
690,58,0.175098572,256,Sherilyn,Forryan,3484.92
690,58.17,0.173591032,614,Jamil,Ankers,3454.916
690,58.34,0.171175445,692,Ilene,Mallen,3406.8395
690,58.51,0.171162457,688,Ephraim,Good,3406.581
690,58.68,0.169228691,769,Ilise,Morefield,3368.094
690,58.85,0.168970916,668,Konstanze,O'Clery,3362.9636
690,59.02,0.168848439,784,Terrie,Elmer,3360.526
690,59.19,0.168641030,210,Amargo,Cabedo,3356.398
690,59.36,0.167896856,239,Urbanus,Niece,3341.587
690,59.53,0.167643020,687,Franchot,Kabsch,3336.535
690,59.69,0.167624580,200,Fredric,Dalgarno,3336.168
690,59.86,0.166990895,45,Shellysheldon,Newberry,3323.556
690,60.03,0.166453679,429,Case,Pabst,3312.864
690,60.19,0.166267071,640,Norbert,Castangia,3309.15
690,60.36,0.165920985,657,Dyane,Crus,3302.262
690,60.52,0.165228062,71,Erasmus,Sambals,3288.471
690,60.69,0.164789677,662,Magdalene,Seger,3279.746
690,60.85,0.164410531,219,Nicoline,Stallwood,3272.2
690,61.02,0.163620685,211,Talia,Rushbrook,3256.48
690,61.18,0.163561899,53,Stanislaw,Spon,3255.31
690,61.34,0.163543760,397,Bronnie,Earland,3254.949
690,61.51,0.163312032,29,Lammond,Brazel,3250.337
690,61.67,0.163176623,323,Ev,Kale,3247.642
690,61.83,0.163125574,454,Kali,Ducham,3246.626
690,62,0.162888018,182,Johna,Prettyjohn,3241.898
690,62.16,0.162607452,248,Jefferson,Parminter,3236.314
690,62.32,0.162305682,480,Modesty,Ravenscraft,3230.308
690,62.48,0.161852576,658,Gaelan,Plumley,3221.29
690,62.65,0.161498150,57,Tess,McIlwreath,3214.236
690,62.81,0.161090968,533,Melania,Galletly,3206.132
690,62.97,0.160891496,177,Constantine,Sharphurst,3202.162
690,63.13,0.160619673,116,Eleanore,D'Enrico,3196.752
690,63.29,0.160572744,205,Myles,Escale,3195.818
690,63.45,0.159470176,387,Babara,Kedge,3173.874
690,63.61,0.158955369,307,Bentley,Coils,3163.628
690,63.77,0.158728967,390,Helyn,Peagrim,3159.122
690,63.92,0.158514573,148,Cyrus,Vreede,3154.855
690,64.08,0.158402025,415,Emalia,Curnok,3152.615
690,64.24,0.158003233,540,Leda,Caldecot,3144.678
690,64.4,0.157462902,636,Lloyd,Eddleston,3133.924
690,64.56,0.157276846,756,Sibylla,Lorkins,3130.221
690,64.71,0.157006078,690,Cal,Witherup,3124.832
690,64.87,0.155789153,430,Maura,Heggadon,3100.612
690,65.02,0.155100550,592,Vitia,Raitt,3086.907
690,65.18,0.154886809,262,Cara,Dye,3082.653
690,65.33,0.154684373,305,Bailey,Domenici,3078.624
690,65.49,0.154307639,253,Horatia,Knibb,3071.126
690,65.64,0.153826144,508,Adan,Greasley,3061.543
690,65.79,0.153602908,444,Keenan,MacHostie,3057.1
690,65.95,0.153588186,715,Shannon,Eliassen,3056.807
690,66.1,0.153397507,699,Matt,Garrud,3053.012
690,66.25,0.153280940,52,Carolann,Beagles,3050.692
690,66.41,0.152822407,125,Karissa,Dyble,3041.566
690,66.56,0.152570229,173,Selle,Maclean,3036.547
690,66.71,0.150164867,473,Danie,Kreber,2988.674
690,66.86,0.149977656,515,Maxy,Dadge,2984.948
690,67.01,0.149932737,280,Bren,Fitkin,2984.054
690,67.16,0.148966482,577,Latia,Arlidge,2964.823
690,67.31,0.148484284,754,Frasco,Cadwaladr,2955.226
690,67.46,0.147986611,149,Cristian,Glendenning,2945.321
690,67.6,0.147401512,67,Aundrea,Cutford,2933.676
690,67.75,0.147341621,383,Nathanil,Jinkins,2932.484
690,67.9,0.146791944,728,Stormi,Hourigan,2921.544
690,68.04,0.146789734,521,Easter,Nicely,2921.5
690,68.19,0.145710780,186,Adelle,Meddemmen,2900.026
690,68.34,0.145380622,560,Elinor,Nutting,2893.455
690,68.48,0.145214011,543,Alexia,Alexandersson,2890.139
690,68.63,0.145131962,81,Retha,Slight,2888.506
690,68.77,0.144795664,237,Derry,Reinhart,2881.8128
690,68.91,0.144505913,613,Haywood,Niese,2876.046
690,69.06,0.144334278,338,Dame,Wilcock,2872.63
690,69.2,0.144204646,133,Amalle,Collier,2870.05
690,69.35,0.143403998,138,Fay,Dinning,2854.115
690,69.49,0.143346367,62,Marvin,Rene,2852.968
690,69.63,0.143031685,246,Mirabelle,Shergill,2846.705
690,69.78,0.142959584,472,Hynda,Webermann,2845.27
690,69.92,0.142655966,190,Dolley,Randall,2839.2272
690,70.06,0.142223902,183,Alikee,Cowhig,2830.628
690,70.2,0.141711206,768,Thelma,Danielian,2820.424
690,70.34,0.141663122,299,Malcolm,Petroff,2819.467
690,70.48,0.140632152,86,Devan,Souten,2798.948
690,70.62,0.140013339,633,Andeee,Antwis,2786.632
690,70.76,0.139280922,347,Ludovico,Florez,2772.055
690,70.9,0.139177670,590,Pavel,Fairfoul,2770
690,71.04,0.139037939,250,Herschel,Lewing,2767.219
690,71.18,0.138384608,176,Rosa,Lars,2754.216
690,71.32,0.137730825,465,Henriette,Aymeric,2741.204
690,71.46,0.136966001,487,Selina,Keddie,2725.982
690,71.59,0.136929523,389,Carson,Biasi,2725.256
690,71.73,0.136144501,378,Junina,Link,2709.632
690,71.86,0.135522271,358,Micky,Chisholm,2697.248
690,72,0.134881350,115,Valeda,Keasley,2684.492
690,72.13,0.134792719,97,Leicester,Pace,2682.728
690,72.27,0.134577169,290,Raven,Wharin,2678.438
690,72.4,0.134318510,566,Janean,Richen,2673.29
690,72.54,0.133805814,623,Mavra,Toffolo,2663.086
690,72.67,0.133484499,265,Kessia,Kellegher,2656.691
690,72.8,0.133176298,214,Tracey,Peyton,2650.557
690,72.94,0.133062253,123,Bastian,Ivakin,2648.2872
690,73.07,0.132323395,456,Wynn,Schall,2633.582
690,73.2,0.131535760,617,Jaye,Lindup,2617.906
690,73.33,0.131503905,440,Vinita,Holhouse,2617.272
690,73.46,0.130765485,706,Galven,Ferie,2602.5755
690,73.59,0.130403146,720,Elsinore,Scapens,2595.364
690,73.72,0.129840104,318,Milka,Wadlow,2584.158
690,73.85,0.129776796,19,Fowler,Mattholie,2582.898
690,73.98,0.129666559,451,Rollie,Bassam,2580.704
690,74.11,0.129450708,678,Davidson,Sparway,2576.408
690,74.24,0.129423325,576,Paul,Benfield,2575.863
690,74.37,0.128978509,268,Elsbeth,Edon,2567.01
690,74.5,0.128872794,552,Dario,Colt,2564.906
690,74.63,0.128745977,109,Lorilee,Howey,2562.382
690,74.76,0.128167761,203,Ketty,Domonkos,2550.874
690,74.88,0.127653105,136,Krishnah,Beyne,2540.631
690,75.01,0.127505135,14,Turner,Grattan,2537.686
690,75.14,0.127285465,158,Urbanus,Gonsalvez,2533.314
690,75.27,0.127277929,321,Dennie,Keford,2533.164
690,75.39,0.126780607,289,Malena,Mordon,2523.266
690,75.52,0.126440350,410,Marion,Samme,2516.494
690,75.64,0.125380068,33,Madelle,Giffaut,2495.3916
690,75.77,0.125270655,604,Ingaberg,Totman,2493.214
690,75.89,0.125024255,579,Ellswerth,Teall,2488.31
690,76.02,0.124503520,529,Isabelle,Verling,2477.946
690,76.14,0.124363387,104,Merline,Munsey,2475.157
690,76.27,0.124187179,130,Luise,Thame,2471.65
690,76.39,0.123672373,555,Manolo,Elford,2461.404
690,76.51,0.123432907,287,Ines,Brader,2456.638
690,76.64,0.123409995,512,Goldina,Mynett,2456.182
690,76.76,0.123346988,107,Caprice,Shoobridge,2454.928
690,76.88,0.123343873,781,Aylmar,Gallant,2454.866
690,77.01,0.123331614,316,Prent,O'Dyvoy,2454.622
690,77.13,0.123264386,484,Alisander,Askwith,2453.284
690,77.25,0.122699636,100,Pepito,Allaway,2442.044
690,77.38,0.121896878,490,Bonny,Duerden,2426.067
690,77.5,0.120286939,510,Nikita,Saywood,2394.025
690,77.62,0.120111535,204,Rois,Prattin,2390.534
690,77.74,0.119313851,789,Alidia,Hall-Gough,2374.658
690,77.85,0.119217984,150,Nollie,Chapelle,2372.75
690,77.97,0.119152565,362,Orelia,Allonby,2371.448
690,78.09,0.118942995,575,Lauretta,Revelle,2367.277
690,78.21,0.118510841,365,Elnar,Lowdwell,2358.676
690,78.33,0.118419345,23,Ettie,Percival,2356.855
690,78.45,0.118255096,154,Fulton,Kruger,2353.586
690,78.57,0.118084364,504,Vilma,Nare,2350.188
690,78.68,0.117637589,641,Korie,MacLardie,2341.296
690,78.8,0.117552273,269,Vinny,Siggs,2339.598
690,78.92,0.117199506,193,Aylmer,Franssen,2332.577
690,79.03,0.115849683,160,Merrel,Azemar,2305.712
690,79.15,0.115681665,518,Emlynne,Lawday,2302.368
690,79.27,0.115328144,462,Isiahi,Ebbetts,2295.332
690,79.38,0.114586935,442,Talia,Cleator,2280.58
690,79.49,0.114536992,359,Lawton,Gosnold,2279.586
690,79.61,0.114119861,285,Joellen,Tucsell,2271.284
690,79.72,0.114040349,137,Asia,Vamplers,2269.7015
690,79.84,0.113625152,77,Haley,Fenning,2261.438
690,79.95,0.113601034,436,Ivory,McAne,2260.958
